2 0.475860 0.595362 0.226852 0.466518
2 0.347884 0.467634 0.074735 0.175347
2 0.827712 0.484871 0.089286 0.181052
3 0.520007 0.422867 0.046627 0.043651
6 0.531085 0.474702 0.029101 0.072421
5 0.443122 0.900050 0.089286 0.078373
5 0.479167 0.878720 0.057540 0.071925
7 0.472884 0.939236 0.173942 0.062500
5 0.333003 0.595858 0.025132 0.026538
7 0.334491 0.613095 0.036706 0.019345
1 0.059028 0.550843 0.064484 0.172619
7 0.078704 0.649182 0.046958 0.027530
0 0.049769 0.398438 0.056548 0.147073
4 0.353671 0.440600 0.036706 0.005208
5 0.779597 0.633309 0.030754 0.022569
3 0.854167 0.419767 0.026455 0.019593
7 0.766700 0.649182 0.051918 0.010665
