4 0.471230 0.613715 0.203042 0.477927
7 0.428737 0.427455 0.047950 0.039931
6 0.421462 0.482887 0.034722 0.073413
2 0.330192 0.443452 0.075066 0.099206
2 0.381118 0.418899 0.026786 0.041667
2 0.404597 0.407738 0.019511 0.028274
0 0.074405 0.401538 0.140212 0.150298
1 0.051918 0.556052 0.103175 0.162698
7 0.089782 0.643105 0.074405 0.022321
7 0.026786 0.647693 0.042989 0.017609
5 0.327216 0.515501 0.014220 0.015625
7 0.329200 0.527158 0.018849 0.006200
5 0.450728 0.894841 0.094577 0.094742
7 0.427249 0.948289 0.161376 0.062252
